  0.104912E-04  0.198417E+08  0.198417E+08  0.264418E+08  0.264414E+08  0.198439E+08  0.198417E+08
  0.115844E-04  0.198417E+08  0.198417E+08  0.264388E+08  0.264383E+08  0.198439E+08  0.198417E+08
  0.127915E-04  0.198417E+08  0.198417E+08  0.264351E+08  0.264345E+08  0.198439E+08  0.198417E+08
  0.141243E-04  0.198417E+08  0.198417E+08  0.264306E+08  0.264299E+08  0.198439E+08  0.198417E+08
  0.155960E-04  0.198417E+08  0.198417E+08  0.264251E+08  0.264243E+08  0.198438E+08  0.198417E+08
  0.172211E-04  0.198416E+08  0.198416E+08  0.264184E+08  0.264174E+08  0.198438E+08  0.198417E+08
  0.190156E-04  0.198416E+08  0.198416E+08  0.264102E+08  0.264090E+08  0.198438E+08  0.198416E+08
  0.209970E-04  0.198416E+08  0.198416E+08  0.264003E+08  0.263988E+08  0.198437E+08  0.198416E+08
  0.231848E-04  0.198416E+08  0.198416E+08  0.263882E+08  0.263864E+08  0.198437E+08  0.198416E+08
  0.256006E-04  0.198416E+08  0.198416E+08  0.263734E+08  0.263712E+08  0.198436E+08  0.198416E+08
  0.282682E-04  0.198415E+08  0.198415E+08  0.263554E+08  0.263527E+08  0.198435E+08  0.198415E+08
  0.312137E-04  0.198415E+08  0.198415E+08  0.263335E+08  0.263302E+08  0.198434E+08  0.198415E+08
  0.344661E-04  0.198414E+08  0.198414E+08  0.263068E+08  0.263028E+08  0.198433E+08  0.198414E+08
  0.380575E-04  0.198414E+08  0.198414E+08  0.262743E+08  0.262694E+08  0.198431E+08  0.198414E+08
  0.420230E-04  0.198413E+08  0.198413E+08  0.262347E+08  0.262287E+08  0.198429E+08  0.198413E+08
  0.464018E-04  0.198412E+08  0.198412E+08  0.261864E+08  0.261792E+08  0.198427E+08  0.198412E+08
  0.512368E-04  0.198411E+08  0.198411E+08  0.261277E+08  0.261189E+08  0.198424E+08  0.198411E+08
  0.565756E-04  0.198410E+08  0.198410E+08  0.260564E+08  0.260456E+08  0.198421E+08  0.198410E+08
  0.624707E-04  0.198408E+08  0.198408E+08  0.259696E+08  0.259565E+08  0.198417E+08  0.198408E+08
  0.689801E-04  0.198406E+08  0.198406E+08  0.258641E+08  0.258483E+08  0.198412E+08  0.198406E+08
  0.761677E-04  0.198404E+08  0.198403E+08  0.257360E+08  0.257168E+08  0.198406E+08  0.198404E+08
  0.841043E-04  0.198401E+08  0.198400E+08  0.255807E+08  0.255574E+08  0.198398E+08  0.198401E+08
  0.928679E-04  0.198397E+08  0.198397E+08  0.253925E+08  0.253642E+08  0.198389E+08  0.198397E+08
  0.102545E-03  0.198393E+08  0.198392E+08  0.251647E+08  0.251304E+08  0.198378E+08  0.198393E+08
  0.113230E-03  0.198388E+08  0.198387E+08  0.248895E+08  0.248481E+08  0.198365E+08  0.198387E+08
  0.125028E-03  0.198381E+08  0.198380E+08  0.245578E+08  0.245079E+08  0.198349E+08  0.198381E+08
  0.138056E-03  0.198373E+08  0.198372E+08  0.241588E+08  0.240988E+08  0.198329E+08  0.198373E+08
  0.152441E-03  0.198364E+08  0.198363E+08  0.236805E+08  0.236084E+08  0.198304E+08  0.198363E+08
  0.168325E-03  0.198352E+08  0.198351E+08  0.231091E+08  0.230230E+08  0.198275E+08  0.198352E+08
  0.185865E-03  0.198338E+08  0.198336E+08  0.224297E+08  0.223272E+08  0.198239E+08  0.198337E+08
  0.205231E-03  0.198321E+08  0.198319E+08  0.216263E+08  0.215051E+08  0.198195E+08  0.198320E+08
  0.226616E-03  0.198300E+08  0.198298E+08  0.206830E+08  0.205404E+08  0.198142E+08  0.198299E+08
  0.250230E-03  0.198275E+08  0.198272E+08  0.195846E+08  0.194183E+08  0.198077E+08  0.198274E+08
  0.276303E-03  0.198245E+08  0.198241E+08  0.183190E+08  0.181270E+08  0.197998E+08  0.198243E+08
  0.305094E-03  0.198208E+08  0.198203E+08  0.168795E+08  0.166606E+08  0.197903E+08  0.198206E+08
  0.336884E-03  0.198163E+08  0.198157E+08  0.152683E+08  0.150225E+08  0.197787E+08  0.198160E+08
  0.371987E-03  0.198109E+08  0.198103E+08  0.135007E+08  0.132301E+08  0.197646E+08  0.198106E+08
  0.410748E-03  0.198044E+08  0.198036E+08  0.116097E+08  0.113189E+08  0.197476E+08  0.198041E+08
  0.453547E-03  0.197967E+08  0.197957E+08  0.964988E+07  0.934706E+07  0.197271E+08  0.197962E+08
  0.500806E-03  0.197874E+08  0.197863E+08  0.769949E+07  0.739644E+07  0.197023E+08  0.197868E+08
  0.552989E-03  0.197763E+08  0.197750E+08  0.585732E+07  0.556950E+07  0.196725E+08  0.197756E+08
  0.610610E-03  0.197631E+08  0.197616E+08  0.423259E+07  0.397784E+07  0.196366E+08  0.197623E+08
  0.674235E-03  0.197474E+08  0.197457E+08  0.292492E+07  0.272075E+07  0.195936E+08  0.197465E+08
  0.744490E-03  0.197290E+08  0.197270E+08  0.199556E+07  0.185494E+07  0.195422E+08  0.197278E+08
  0.822065E-03  0.197073E+08  0.197050E+08  0.143741E+07  0.136380E+07  0.194810E+08  0.197059E+08
  0.907723E-03  0.196819E+08  0.196794E+08  0.115991E+07  0.114350E+07  0.194082E+08  0.196803E+08
  0.100231E-02  0.196523E+08  0.196495E+08  0.101037E+07  0.102857E+07  0.193221E+08  0.196504E+08
  0.110675E-02  0.196178E+08  0.196148E+08  0.842089E+06  0.866616E+06  0.192205E+08  0.196156E+08
  0.122207E-02  0.195779E+08  0.195747E+08  0.602591E+06  0.611776E+06  0.191012E+08  0.195752E+08
  0.134941E-02  0.195317E+08  0.195283E+08  0.366501E+06  0.355569E+06  0.189623E+08  0.195286E+08
  0.149001E-02  0.194784E+08  0.194750E+08  0.243712E+06  0.223541E+06  0.188019E+08  0.194749E+08
  0.164527E-02  0.194172E+08  0.194137E+08  0.224729E+06  0.000000E+00  0.186179E+08  0.194131E+08
  0.181670E-02  0.193470E+08  0.193435E+08  0.181455E+06  0.000000E+00  0.184088E+08  0.193423E+08
  0.200600E-02  0.192669E+08  0.192633E+08  0.849459E+05  0.000000E+00  0.181731E+08  0.192614E+08
  0.221503E-02  0.191755E+08  0.191720E+08  0.522823E+05  0.000000E+00  0.179101E+08  0.191693E+08
  0.244583E-02  0.190718E+08  0.190682E+08  0.620923E+05  0.000000E+00  0.176194E+08  0.190647E+08
  0.270068E-02  0.189545E+08  0.189508E+08  0.241785E+05  0.000000E+00  0.173007E+08  0.189465E+08
  0.298209E-02  0.188224E+08  0.188185E+08  0.220731E+05  0.000000E+00  0.169541E+08  0.188134E+08
  0.329282E-02  0.186741E+08  0.186700E+08  0.102921E+05  0.000000E+00  0.165791E+08  0.186640E+08
  0.363593E-02  0.185083E+08  0.185039E+08  0.395739E+04  0.000000E+00  0.161750E+08  0.184972E+08
  0.401479E-02  0.183238E+08  0.183191E+08 -0.474076E+04  0.000000E+00  0.157405E+08  0.183115E+08
  0.443312E-02  0.181191E+08  0.181142E+08  0.217145E+04  0.000000E+00  0.152743E+08  0.181056E+08
  0.489505E-02  0.178931E+08  0.178877E+08 -0.577433E+03  0.000000E+00  0.147772E+08  0.178783E+08
  0.540511E-02  0.176442E+08  0.176384E+08 -0.358227E+04  0.000000E+00  0.142490E+08  0.176281E+08
  0.596832E-02  0.173718E+08  0.173653E+08 -0.208752E+04  0.000000E+00  0.136684E+08  0.173541E+08
  0.659021E-02  0.170733E+08  0.170662E+08 -0.246953E+04  0.000000E+00  0.130656E+08  0.170542E+08
  0.727690E-02  0.167481E+08  0.167400E+08 -0.208588E+04  0.000000E+00  0.124290E+08  0.167274E+08
  0.803514E-02  0.163943E+08  0.163852E+08 -0.266601E+04  0.000000E+00  0.117660E+08  0.163721E+08
  0.887240E-02  0.160111E+08  0.160008E+08 -0.218519E+04  0.000000E+00  0.110859E+08  0.159874E+08
  0.979689E-02  0.155972E+08  0.155855E+08 -0.151460E+04  0.000000E+00  0.103890E+08  0.155720E+08
  0.108177E-01  0.151513E+08  0.151378E+08 -0.167973E+04  0.000000E+00  0.967520E+07  0.151246E+08
  0.119449E-01  0.146720E+08  0.146565E+08 -0.141295E+04  0.000000E+00  0.895034E+07  0.146439E+08
  0.131896E-01  0.141583E+08  0.141405E+08 -0.103018E+04  0.000000E+00  0.822225E+07  0.141289E+08
  0.145639E-01  0.136093E+08  0.135889E+08 -0.100117E+04  0.000000E+00  0.749728E+07  0.135787E+08
  0.160814E-01  0.130244E+08  0.130011E+08 -0.828962E+03  0.000000E+00  0.677811E+07  0.129928E+08
  0.177571E-01  0.124039E+08  0.123772E+08 -0.592014E+03  0.000000E+00  0.607428E+07  0.123713E+08
  0.196074E-01  0.117486E+08  0.117185E+08 -0.543865E+03  0.000000E+00  0.539118E+07  0.117154E+08
  0.216504E-01  0.110613E+08  0.110274E+08 -0.304319E+03  0.000000E+00  0.473603E+07  0.110276E+08
  0.239064E-01  0.103464E+08  0.103088E+08 -0.314207E+03  0.000000E+00  0.411547E+07  0.103126E+08
  0.263974E-01  0.961109E+07  0.957000E+07 -0.234633E+03  0.000000E+00  0.353640E+07  0.957743E+07
  0.291480E-01  0.886599E+07  0.882197E+07 -0.163298E+03  0.000000E+00  0.300440E+07  0.883283E+07
  0.321852E-01  0.812523E+07  0.807923E+07 -0.145623E+03  0.000000E+00  0.252461E+07  0.809293E+07
  0.355388E-01  0.740632E+07  0.735972E+07 -0.929743E+02  0.000000E+00  0.210079E+07  0.737525E+07
  0.392419E-01  0.672881E+07  0.668342E+07 -0.757699E+02  0.000000E+00  0.173477E+07  0.669933E+07
  0.433309E-01  0.611149E+07  0.606937E+07 -0.765986E+02  0.000000E+00  0.142591E+07  0.608391E+07
  0.476640E-01  0.558569E+07  0.554859E+07  0.000000E+00  0.000000E+00  0.117920E+07  0.556014E+07
  0.519971E-01  0.517157E+07  0.514031E+07  0.000000E+00  0.000000E+00  0.993137E+06  0.514795E+07
  0.563302E-01  0.483476E+07  0.480931E+07  0.000000E+00  0.000000E+00  0.848608E+06  0.481291E+07
  0.606632E-01  0.454899E+07  0.452861E+07  0.000000E+00  0.000000E+00  0.732916E+06  0.452869E+07
  0.649963E-01  0.429472E+07  0.427820E+07  0.000000E+00  0.000000E+00  0.637614E+06  0.427574E+07
  0.693294E-01  0.405577E+07  0.404168E+07  0.000000E+00  0.000000E+00  0.556804E+06  0.403788E+07
  0.736625E-01  0.382027E+07  0.380721E+07  0.000000E+00  0.000000E+00  0.486537E+06  0.380328E+07
  0.779956E-01  0.358455E+07  0.357139E+07  0.000000E+00  0.000000E+00  0.424744E+06  0.356832E+07
  0.823287E-01  0.335169E+07  0.333768E+07  0.000000E+00  0.000000E+00  0.370513E+06  0.333613E+07
  0.866618E-01  0.312813E+07  0.311297E+07  0.000000E+00  0.000000E+00  0.323419E+06  0.311318E+07
  0.909949E-01  0.292012E+07  0.290394E+07  0.000000E+00  0.000000E+00  0.283040E+06  0.290577E+07
  0.963951E-01  0.268986E+07  0.267302E+07  0.000000E+00  0.000000E+00  0.241307E+06  0.267625E+07
  0.101795E+00  0.249740E+07  0.248088E+07  0.000000E+00  0.000000E+00  0.208020E+06  0.248455E+07
  0.107196E+00  0.234411E+07  0.232888E+07  0.000000E+00  0.000000E+00  0.181824E+06  0.233204E+07
  0.112596E+00  0.222454E+07  0.221125E+07  0.000000E+00  0.000000E+00  0.161120E+06  0.221321E+07
  0.117996E+00  0.212779E+07  0.211667E+07  0.000000E+00  0.000000E+00  0.144263E+06  0.211716E+07
  0.123396E+00  0.204191E+07  0.203273E+07  0.000000E+00  0.000000E+00  0.129887E+06  0.203190E+07
  0.128797E+00  0.195744E+07  0.194965E+07  0.000000E+00  0.000000E+00  0.117065E+06  0.194797E+07
  0.134197E+00  0.186912E+07  0.186204E+07  0.000000E+00  0.000000E+00  0.105299E+06  0.186011E+07
  0.139597E+00  0.177591E+07  0.176889E+07  0.000000E+00  0.000000E+00  0.944132E+05  0.176727E+07
  0.144997E+00  0.167995E+07  0.167257E+07  0.000000E+00  0.000000E+00  0.844248E+05  0.167164E+07
  0.150397E+00  0.158517E+07  0.157726E+07  0.000000E+00  0.000000E+00  0.754233E+05  0.157717E+07
  0.155798E+00  0.149624E+07  0.148790E+07  0.000000E+00  0.000000E+00  0.675079E+05  0.148853E+07
  0.161198E+00  0.141756E+07  0.140909E+07  0.000000E+00  0.000000E+00  0.607376E+05  0.141015E+07
  0.166598E+00  0.135161E+07  0.134336E+07  0.000000E+00  0.000000E+00  0.550734E+05  0.134451E+07
  0.171998E+00  0.129783E+07  0.129013E+07  0.000000E+00  0.000000E+00  0.503574E+05  0.129104E+07
  0.177399E+00  0.125335E+07  0.124641E+07  0.000000E+00  0.000000E+00  0.463680E+05  0.124685E+07
  0.182799E+00  0.121463E+07  0.120849E+07  0.000000E+00  0.000000E+00  0.428946E+05  0.120842E+07
  0.188199E+00  0.117835E+07  0.117292E+07  0.000000E+00  0.000000E+00  0.397668E+05  0.117240E+07
  0.193599E+00  0.114166E+07  0.113673E+07  0.000000E+00  0.000000E+00  0.368567E+05  0.113594E+07
  0.199000E+00  0.110273E+07  0.109805E+07  0.000000E+00  0.000000E+00  0.340879E+05  0.109721E+07
  0.204400E+00  0.106138E+07  0.105674E+07  0.000000E+00  0.000000E+00  0.314453E+05  0.105604E+07
  0.209800E+00  0.101887E+07  0.101412E+07  0.000000E+00  0.000000E+00  0.289562E+05  0.101369E+07
  0.215200E+00  0.977024E+06  0.972127E+06  0.000000E+00  0.000000E+00  0.266588E+05  0.971997E+06
  0.220601E+00  0.937607E+06  0.932600E+06  0.000000E+00  0.000000E+00  0.245828E+05  0.932731E+06
  0.226001E+00  0.901960E+06  0.896945E+06  0.000000E+00  0.000000E+00  0.227419E+05  0.897234E+06
  0.231401E+00  0.870763E+06  0.865868E+06  0.000000E+00  0.000000E+00  0.211307E+05  0.866189E+06
  0.236801E+00  0.843875E+06  0.839215E+06  0.000000E+00  0.000000E+00  0.197240E+05  0.839452E+06
  0.242201E+00  0.820465E+06  0.816111E+06  0.000000E+00  0.000000E+00  0.184840E+05  0.816189E+06
  0.247602E+00  0.799332E+06  0.795301E+06  0.000000E+00  0.000000E+00  0.173691E+05  0.795196E+06
  0.253002E+00  0.779187E+06  0.775444E+06  0.000000E+00  0.000000E+00  0.163415E+05  0.775182E+06
  0.258402E+00  0.758938E+06  0.755412E+06  0.000000E+00  0.000000E+00  0.153717E+05  0.755053E+06
  0.263802E+00  0.737985E+06  0.734591E+06  0.000000E+00  0.000000E+00  0.144439E+05  0.734210E+06
  0.269203E+00  0.716344E+06  0.713004E+06  0.000000E+00  0.000000E+00  0.135559E+05  0.712670E+06
  0.274603E+00  0.694454E+06  0.691116E+06  0.000000E+00  0.000000E+00  0.127133E+05  0.690875E+06
  0.280003E+00  0.672902E+06  0.669545E+06  0.000000E+00  0.000000E+00  0.119237E+05  0.669414E+06
  0.285403E+00  0.652270E+06  0.648906E+06  0.000000E+00  0.000000E+00  0.111933E+05  0.648870E+06
  0.290804E+00  0.633068E+06  0.629729E+06  0.000000E+00  0.000000E+00  0.105264E+05  0.629755E+06
  0.296204E+00  0.615609E+06  0.612338E+06  0.000000E+00  0.000000E+00  0.992321E+04  0.612382E+06
  0.301604E+00  0.599880E+06  0.596717E+06  0.000000E+00  0.000000E+00  0.937867E+04  0.596738E+06
  0.307004E+00  0.585568E+06  0.582539E+06  0.000000E+00  0.000000E+00  0.888362E+04  0.582509E+06
  0.312405E+00  0.572226E+06  0.569339E+06  0.000000E+00  0.000000E+00  0.842775E+04  0.569247E+06
  0.317805E+00  0.559425E+06  0.556669E+06  0.000000E+00  0.000000E+00  0.800214E+04  0.556522E+06
  0.323205E+00  0.546822E+06  0.544174E+06  0.000000E+00  0.000000E+00  0.759997E+04  0.543990E+06
  0.328605E+00  0.534185E+06  0.531615E+06  0.000000E+00  0.000000E+00  0.721661E+04  0.531421E+06
  0.334006E+00  0.521435E+06  0.518915E+06  0.000000E+00  0.000000E+00  0.684993E+04  0.518734E+06
  0.339406E+00  0.508666E+06  0.506176E+06  0.000000E+00  0.000000E+00  0.650023E+04  0.506025E+06
  0.344806E+00  0.496099E+06  0.493629E+06  0.000000E+00  0.000000E+00  0.616929E+04  0.493516E+06
  0.350206E+00  0.483975E+06  0.481526E+06  0.000000E+00  0.000000E+00  0.585895E+04  0.481448E+06
  0.355606E+00  0.472467E+06  0.470048E+06  0.000000E+00  0.000000E+00  0.557000E+04  0.469996E+06
  0.361007E+00  0.461654E+06  0.459278E+06  0.000000E+00  0.000000E+00  0.530200E+04  0.459236E+06
  0.366407E+00  0.451534E+06  0.449215E+06  0.000000E+00  0.000000E+00  0.505359E+04  0.449170E+06
  0.371807E+00  0.442045E+06  0.439792E+06  0.000000E+00  0.000000E+00  0.482290E+04  0.439732E+06
  0.377207E+00  0.433064E+06  0.430882E+06  0.000000E+00  0.000000E+00  0.460751E+04  0.430802E+06
  0.382608E+00  0.424433E+06  0.422318E+06  0.000000E+00  0.000000E+00  0.440484E+04  0.422219E+06
  0.388008E+00  0.416001E+06  0.413946E+06  0.000000E+00  0.000000E+00  0.421264E+04  0.413834E+06
  0.393408E+00  0.407671E+06  0.405666E+06  0.000000E+00  0.000000E+00  0.402935E+04  0.405548E+06
  0.398808E+00  0.399415E+06  0.397448E+06  0.000000E+00  0.000000E+00  0.385424E+04  0.397334E+06
  0.404209E+00  0.391255E+06  0.389319E+06  0.000000E+00  0.000000E+00  0.368710E+04  0.389214E+06
  0.409609E+00  0.383244E+06  0.381335E+06  0.000000E+00  0.000000E+00  0.352801E+04  0.381244E+06
  0.415009E+00  0.375448E+06  0.373564E+06  0.000000E+00  0.000000E+00  0.337715E+04  0.373485E+06
  0.420409E+00  0.367924E+06  0.366067E+06  0.000000E+00  0.000000E+00  0.323460E+04  0.365999E+06
  0.425810E+00  0.360717E+06  0.358891E+06  0.000000E+00  0.000000E+00  0.310028E+04  0.358828E+06
  0.431210E+00  0.353839E+06  0.352048E+06  0.000000E+00  0.000000E+00  0.297389E+04  0.351986E+06
  0.436610E+00  0.347271E+06  0.345517E+06  0.000000E+00  0.000000E+00  0.285481E+04  0.345453E+06
  0.442010E+00  0.340963E+06  0.339249E+06  0.000000E+00  0.000000E+00  0.274228E+04  0.339179E+06
  0.447410E+00  0.334863E+06  0.333188E+06  0.000000E+00  0.000000E+00  0.263554E+04  0.333112E+06
  0.452811E+00  0.328929E+06  0.327290E+06  0.000000E+00  0.000000E+00  0.253397E+04  0.327209E+06
  0.458211E+00  0.323125E+06  0.321519E+06  0.000000E+00  0.000000E+00  0.243705E+04  0.321436E+06
  0.463611E+00  0.317424E+06  0.315847E+06  0.000000E+00  0.000000E+00  0.234435E+04  0.315765E+06
  0.469011E+00  0.311815E+06  0.310264E+06  0.000000E+00  0.000000E+00  0.225560E+04  0.310185E+06
  0.474412E+00  0.306312E+06  0.304785E+06  0.000000E+00  0.000000E+00  0.217072E+04  0.304710E+06
  0.479812E+00  0.300943E+06  0.299438E+06  0.000000E+00  0.000000E+00  0.208971E+04  0.299368E+06
  0.485212E+00  0.295728E+06  0.294244E+06  0.000000E+00  0.000000E+00  0.201255E+04  0.294179E+06
  0.490612E+00  0.290674E+06  0.289213E+06  0.000000E+00  0.000000E+00  0.193909E+04  0.289151E+06
  0.496013E+00  0.285782E+06  0.284345E+06  0.000000E+00  0.000000E+00  0.186917E+04  0.284284E+06
  0.501413E+00  0.281051E+06  0.279639E+06  0.000000E+00  0.000000E+00  0.180262E+04  0.279578E+06
  0.506813E+00  0.276473E+06  0.275086E+06  0.000000E+00  0.000000E+00  0.173924E+04  0.275025E+06
  0.512213E+00  0.272032E+06  0.270670E+06  0.000000E+00  0.000000E+00  0.167878E+04  0.270607E+06
  0.517614E+00  0.267705E+06  0.266367E+06  0.000000E+00  0.000000E+00  0.162098E+04  0.266303E+06
  0.523014E+00  0.263474E+06  0.262159E+06  0.000000E+00  0.000000E+00  0.156560E+04  0.262094E+06
  0.528414E+00  0.259330E+06  0.258036E+06  0.000000E+00  0.000000E+00  0.151249E+04  0.257972E+06
  0.533814E+00  0.255271E+06  0.253997E+06  0.000000E+00  0.000000E+00  0.146155E+04  0.253934E+06
  0.539214E+00  0.251297E+06  0.250042E+06  0.000000E+00  0.000000E+00  0.141267E+04  0.249980E+06
  0.544615E+00  0.247408E+06  0.246171E+06  0.000000E+00  0.000000E+00  0.136579E+04  0.246112E+06
  0.550015E+00  0.243609E+06  0.242390E+06  0.000000E+00  0.000000E+00  0.132083E+04  0.242332E+06
  0.555415E+00  0.239905E+06  0.238703E+06  0.000000E+00  0.000000E+00  0.127775E+04  0.238647E+06
  0.560815E+00  0.236299E+06  0.235115E+06  0.000000E+00  0.000000E+00  0.123649E+04  0.235060E+06
  0.566216E+00  0.232790E+06  0.231624E+06  0.000000E+00  0.000000E+00  0.119696E+04  0.231569E+06
  0.571616E+00  0.229371E+06  0.228222E+06  0.000000E+00  0.000000E+00  0.115906E+04  0.228168E+06
  0.577016E+00  0.226036E+06  0.224904E+06  0.000000E+00  0.000000E+00  0.112269E+04  0.224850E+06
  0.581267E+00  0.223470E+06  0.222352E+06  0.000000E+00  0.000000E+00  0.109511E+04  0.222298E+06
  0.604515E+00  0.210169E+06  0.209119E+06  0.000000E+00  0.000000E+00  0.958305E+03  0.209067E+06
  0.628692E+00  0.197567E+06  0.196578E+06  0.000000E+00  0.000000E+00  0.837975E+03  0.196530E+06
  0.653837E+00  0.185722E+06  0.184793E+06  0.000000E+00  0.000000E+00  0.732572E+03  0.184747E+06
  0.816543E+00  0.130287E+06  0.129636E+06  0.000000E+00  0.000000E+00  0.339056E+03  0.129602E+06
  0.101974E+01  0.908612E+05  0.904072E+05  0.000000E+00  0.000000E+00  0.154961E+03  0.903836E+05
  0.127350E+01  0.630298E+05  0.627149E+05  0.000000E+00  0.000000E+00  0.700619E+02  0.626983E+05
  0.159041E+01  0.435142E+05  0.432968E+05  0.000000E+00  0.000000E+00  0.431593E+02  0.432853E+05
  0.198618E+01  0.299113E+05  0.297619E+05  0.000000E+00  0.000000E+00  0.193012E+02  0.297539E+05
  0.248044E+01  0.204802E+05  0.203779E+05  0.000000E+00  0.000000E+00  0.856416E+01  0.203724E+05
  0.309769E+01  0.139729E+05  0.139031E+05  0.000000E+00  0.000000E+00  0.377496E+01  0.138993E+05
  0.386855E+01  0.950231E+04  0.945480E+04  0.000000E+00  0.000000E+00  0.165478E+01  0.945229E+04
  0.483124E+01  0.644294E+04  0.641069E+04  0.000000E+00  0.000000E+00  0.722037E+00  0.640902E+04
  0.603348E+01  0.435674E+04  0.433490E+04  0.000000E+00  0.000000E+00  0.313819E+00  0.433379E+04
